group,time,susceptible,infected,recovered
1,1,0.65109,0.007996,0.34091
1,2,0.65965,0.0071839,0.33317
1,3,0.6683,0.006495,0.32521
1,4,0.67698,0.0059125,0.31711
1,5,0.68563,0.0054214,0.30894
1,6,0.69421,0.0050098,0.30078
1,7,0.70266,0.0046695,0.29267
1,8,0.71094,0.0043956,0.28466
1,9,0.71901,0.0041867,0.2768
1,10,0.72685,0.0040437,0.26911
1,11,0.73441,0.0039591,0.26163
1,12,0.74167,0.0039291,0.2544
1,13,0.74861,0.0039541,0.24744
1,14,0.75518,0.004037,0.24078
1,15,0.76136,0.0041828,0.23446
1,16,0.76711,0.0043984,0.22849
1,17,0.77237,0.0046932,0.22293
1,18,0.7771,0.0050795,0.21782
1,19,0.78123,0.0055747,0.21319
1,20,0.78467,0.0061995,0.20913
1,21,0.78733,0.0069782,0.2057
1,22,0.78907,0.0079386,0.203
1,23,0.78975,0.0091124,0.20113
1,24,0.78923,0.010534,0.20023
1,25,0.78735,0.012235,0.20042
1,26,0.78389,0.014243,0.20186
1,27,0.77863,0.016591,0.20477
1,28,0.77141,0.019272,0.20932
1,29,0.76214,0.022233,0.21563
1,30,0.75085,0.025378,0.22378
1,31,0.73763,0.028572,0.2338
1,32,0.72269,0.031652,0.24566
1,33,0.70656,0.034385,0.25906
1,34,0.68984,0.036563,0.2736
1,35,0.67314,0.038037,0.28882
1,36,0.65706,0.038711,0.30423
1,37,0.6422,0.038545,0.31925
1,38,0.62912,0.037578,0.3333
1,39,0.61812,0.035957,0.34593
1,40,0.60942,0.033815,0.35676
1,41,0.60313,0.0313,0.36557
1,42,0.59919,0.028569,0.37224
1,43,0.59745,0.025794,0.37675
1,44,0.59762,0.023154,0.37923
1,45,0.5995,0.020689,0.37981
1,46,0.60286,0.018401,0.37874
1,47,0.60745,0.016319,0.37623
1,48,0.61304,0.014455,0.3725
1,49,0.61946,0.01281,0.36773
1,50,0.62653,0.011371,0.3621
1,51,0.63415,0.010111,0.35574
1,52,0.64222,0.0090016,0.34878
1,53,0.65057,0.0080456,0.34138
1,54,0.65912,0.0072257,0.33365
1,55,0.66779,0.0065239,0.32569
1,56,0.67649,0.0059261,0.31758
1,57,0.68517,0.0054214,0.30941
1,58,0.69377,0.0050029,0.30123
1,59,0.70223,0.0046668,0.2931
1,60,0.71052,0.0044033,0.28508
1,61,0.7186,0.0042026,0.2772
1,62,0.72644,0.00406,0.2695
1,63,0.73401,0.0039729,0.26202
1,64,0.74128,0.0039403,0.25478
1,65,0.74822,0.0039632,0.24782
1,66,0.7548,0.0040448,0.24115
1,67,0.76099,0.00419,0.23482
1,68,0.76675,0.0044049,0.22885
1,69,0.77203,0.0046985,0.22327
1,70,0.77677,0.0050837,0.21814
1,71,0.78091,0.005577,0.21351
1,72,0.78436,0.0061989,0.20944
1,73,0.78702,0.0069737,0.206
1,74,0.78882,0.0079161,0.20326
1,75,0.78963,0.0090538,0.20132
1,76,0.7892,0.010457,0.20035
1,77,0.78731,0.012173,0.20052
1,78,0.78378,0.014225,0.202
1,79,0.77845,0.016611,0.20494
1,80,0.77121,0.019305,0.20948
1,81,0.76199,0.022254,0.21576
1,82,0.75072,0.025383,0.22389
1,83,0.73738,0.028608,0.23401
1,84,0.72234,0.031707,0.24596
1,85,0.7062,0.034425,0.25937
1,86,0.68956,0.03657,0.27387
1,87,0.67298,0.038003,0.28902
1,88,0.65703,0.038644,0.30433
1,89,0.64224,0.03847,0.31929
1,90,0.62917,0.037514,0.33332
1,91,0.61823,0.035893,0.34588
1,92,0.60956,0.033777,0.35666
1,93,0.60325,0.031302,0.36545
1,94,0.59925,0.028605,0.37214
1,95,0.59748,0.025823,0.3767
1,96,0.59771,0.0231,0.37919
1,97,0.59964,0.020579,0.37978
1,98,0.60302,0.018312,0.37867
1,99,0.60765,0.016247,0.37611
1,100,0.61331,0.01439,0.3723
1,101,0.6198,0.01274,0.36746
1,102,0.62696,0.01129,0.36175
1,103,0.63463,0.010028,0.35534
1,104,0.6427,0.0089366,0.34836
1,105,0.65106,0.0079924,0.34095
2,1,0.61959,0.0047447,0.37566
2,2,0.63177,0.0039052,0.36432
2,3,0.64384,0.003236,0.35292
2,4,0.65575,0.0027026,0.34155
2,5,0.66744,0.0022786,0.33028
2,6,0.67888,0.0019426,0.31918
2,7,0.69003,0.001678,0.30829
2,8,0.70087,0.0014715,0.29766
2,9,0.71138,0.0013122,0.28731
2,10,0.72155,0.0011916,0.27725
2,11,0.73139,0.0011035,0.26751
2,12,0.74087,0.0010441,0.25808
2,13,0.75,0.0010113,0.24899
2,14,0.75878,0.0010037,0.24022
2,15,0.76719,0.0010212,0.23179
2,16,0.77523,0.0010662,0.2237
2,17,0.7829,0.001143,0.21596
2,18,0.79016,0.0012589,0.20858
2,19,0.797,0.0014243,0.20158
2,20,0.80338,0.0016499,0.19497
2,21,0.80925,0.0019571,0.18879
2,22,0.81452,0.0023783,0.1831
2,23,0.81907,0.0029573,0.17798
2,24,0.82274,0.0037487,0.17351
2,25,0.82533,0.0048213,0.16984
2,26,0.82652,0.006297,0.16718
2,27,0.82586,0.0083188,0.16582
2,28,0.82283,0.011039,0.16613
2,29,0.81679,0.014619,0.16859
2,30,0.80706,0.019213,0.17372
2,31,0.79299,0.024872,0.18213
2,32,0.77386,0.031559,0.19458
2,33,0.74961,0.038922,0.21146
2,34,0.72101,0.046258,0.23273
2,35,0.68957,0.052523,0.2579
2,36,0.65731,0.056788,0.2859
2,37,0.62643,0.058698,0.31487
2,38,0.59875,0.058163,0.34308
2,39,0.57561,0.055343,0.36905
2,40,0.5578,0.050721,0.39148
2,41,0.54533,0.045154,0.40951
2,42,0.5378,0.039254,0.42295
2,43,0.53465,0.033491,0.43186
2,44,0.53522,0.028197,0.43659
2,45,0.53882,0.02349,0.43769
2,46,0.54484,0.019406,0.43575
2,47,0.55275,0.01594,0.43131
2,48,0.56211,0.013045,0.42484
2,49,0.57253,0.010648,0.41682
2,50,0.58371,0.0086818,0.4076
2,51,0.59542,0.0070819,0.3975
2,52,0.60742,0.0057879,0.38679
2,53,0.61955,0.0047449,0.37571
2,54,0.63169,0.0039076,0.3644
2,55,0.64376,0.003238,0.353
2,56,0.65568,0.0027042,0.34162
2,57,0.66737,0.0022799,0.33035
2,58,0.67881,0.0019439,0.31925
2,59,0.68996,0.001679,0.30836
2,60,0.7008,0.0014717,0.29773
2,61,0.71132,0.0013118,0.28737
2,62,0.7215,0.0011912,0.27731
2,63,0.73133,0.0011037,0.26757
2,64,0.74082,0.0010448,0.25814
2,65,0.74995,0.0010118,0.24904
2,66,0.75872,0.0010039,0.24027
2,67,0.76714,0.0010218,0.23184
2,68,0.77518,0.0010668,0.22375
2,69,0.78285,0.0011432,0.21601
2,70,0.79012,0.001258,0.20863
2,71,0.79696,0.0014213,0.20162
2,72,0.80334,0.0016496,0.19502
2,73,0.80919,0.0019617,0.18884
2,74,0.81447,0.0023827,0.18315
2,75,0.81904,0.0029563,0.178
2,76,0.82272,0.0037448,0.17353
2,77,0.82529,0.0048293,0.16988
2,78,0.82646,0.0063065,0.16723
2,79,0.82587,0.0082865,0.16584
2,80,0.82288,0.010992,0.16613
2,81,0.81681,0.014609,0.16858
2,82,0.80699,0.019249,0.17376
2,83,0.79278,0.024949,0.18227
2,84,0.77361,0.031678,0.19471
2,85,0.74952,0.038995,0.21149
2,86,0.72122,0.046118,0.23267
2,87,0.69,0.05227,0.25773
2,88,0.65773,0.056695,0.28558
2,89,0.62679,0.058656,0.31455
2,90,0.59922,0.05795,0.34283
2,91,0.57623,0.055033,0.36873
2,92,0.55856,0.05045,0.39099
2,93,0.54632,0.044848,0.40883
2,94,0.53899,0.038975,0.42204
2,95,0.53593,0.033336,0.43073
2,96,0.53652,0.028107,0.43538
2,97,0.54004,0.02344,0.43652
2,98,0.54593,0.019398,0.43467
2,99,0.55376,0.015958,0.43028
2,100,0.56304,0.013069,0.42389
2,101,0.57341,0.010674,0.41592
2,102,0.58456,0.0087076,0.40674
2,103,0.59621,0.0071076,0.39668
2,104,0.60816,0.0058128,0.38603
2,105,0.62025,0.0047686,0.37498
3,1,0.60094,0.0031145,0.39594
3,2,0.61483,0.0023855,0.38278
3,3,0.62848,0.0018362,0.36968
3,4,0.64183,0.001423,0.35675
3,5,0.65482,0.0011126,0.34406
3,6,0.66744,0.00088049,0.33168
3,7,0.67967,0.00070707,0.31962
3,8,0.6915,0.00057771,0.30792
3,9,0.70293,0.00048166,0.29659
3,10,0.71396,0.00041083,0.28563
3,11,0.7246,0.00035951,0.27504
3,12,0.73485,0.0003236,0.26483
3,13,0.74472,0.00030031,0.25498
3,14,0.75421,0.0002878,0.2455
3,15,0.76334,0.00028525,0.23637
3,16,0.77212,0.00029279,0.22759
3,17,0.78053,0.00031174,0.21915
3,18,0.7886,0.00034454,0.21106
3,19,0.79631,0.00039401,0.20329
3,20,0.80367,0.0004668,0.19586
3,21,0.81065,0.00057378,0.18878
3,22,0.81722,0.00072999,0.18205
3,23,0.82332,0.00095916,0.17572
3,24,0.8289,0.0012949,0.16981
3,25,0.8338,0.0017951,0.16441
3,26,0.83781,0.0025493,0.15964
3,27,0.84062,0.0036826,0.15569
3,28,0.84175,0.0053946,0.15286
3,29,0.84045,0.0079674,0.15158
3,30,0.83571,0.01176,0.15253
3,31,0.82627,0.017169,0.15656
3,32,0.81049,0.024634,0.16487
3,33,0.78699,0.034261,0.17875
3,34,0.75524,0.045475,0.19929
3,35,0.71594,0.057034,0.22703
3,36,0.67227,0.066715,0.26101
3,37,0.62805,0.072758,0.29919
3,38,0.58718,0.074205,0.33861
3,39,0.55292,0.071206,0.37587
3,40,0.52679,0.064811,0.4084
3,41,0.50927,0.056239,0.43449
3,42,0.49958,0.046972,0.45345
3,43,0.49591,0.038574,0.46552
3,44,0.49714,0.031177,0.47169
3,45,0.50225,0.02482,0.47293
3,46,0.51032,0.019538,0.47014
3,47,0.52059,0.015239,0.46417
3,48,0.53242,0.0118,0.45578
3,49,0.54533,0.0090895,0.44559
3,50,0.55889,0.0069714,0.43414
3,51,0.57282,0.0053303,0.42185
3,52,0.5869,0.0040736,0.40903
3,53,0.60094,0.0031145,0.39594
3,54,0.61483,0.0023855,0.38278
3,55,0.62848,0.0018362,0.36968
3,56,0.64183,0.001423,0.35675
3,57,0.65482,0.0011126,0.34406
3,58,0.66744,0.00088049,0.33168
3,59,0.67967,0.00070707,0.31962
3,60,0.6915,0.00057771,0.30792
3,61,0.70293,0.00048166,0.29659
3,62,0.71396,0.00041083,0.28563
3,63,0.7246,0.00035951,0.27504
3,64,0.73485,0.0003236,0.26483
3,65,0.74472,0.00030031,0.25498
3,66,0.75421,0.0002878,0.2455
3,67,0.76334,0.00028525,0.23637
3,68,0.77212,0.00029279,0.22759
3,69,0.78053,0.00031174,0.21915
3,70,0.7886,0.00034454,0.21106
3,71,0.79631,0.00039401,0.20329
3,72,0.80367,0.0004668,0.19586
3,73,0.81065,0.00057378,0.18878
3,74,0.81722,0.00072999,0.18205
3,75,0.82332,0.00095916,0.17572
3,76,0.8289,0.0012949,0.16981
3,77,0.8338,0.0017951,0.16441
3,78,0.83781,0.0025493,0.15964
3,79,0.84062,0.0036826,0.15569
3,80,0.84175,0.0053946,0.15286
3,81,0.84045,0.0079674,0.15158
3,82,0.83571,0.01176,0.15253
3,83,0.82627,0.017169,0.15656
3,84,0.81049,0.024634,0.16487
3,85,0.78699,0.034261,0.17875
3,86,0.75524,0.045475,0.19929
3,87,0.71594,0.057034,0.22703
3,88,0.67227,0.066715,0.26101
3,89,0.62805,0.072758,0.29919
3,90,0.58718,0.074205,0.33861
3,91,0.55292,0.071206,0.37587
3,92,0.52679,0.064811,0.4084
3,93,0.50927,0.056239,0.43449
3,94,0.49958,0.046972,0.45345
3,95,0.49591,0.038574,0.46552
3,96,0.49714,0.031177,0.47169
3,97,0.50225,0.02482,0.47293
3,98,0.51032,0.019538,0.47014
3,99,0.52059,0.015239,0.46417
3,100,0.53242,0.0118,0.45578
3,101,0.54533,0.0090895,0.44559
3,102,0.55889,0.0069714,0.43414
3,103,0.57282,0.0053303,0.42185
3,104,0.5869,0.0040736,0.40903
3,105,0.60094,0.0031147,0.39594
4,1,0.58371,0.0021692,0.41413
4,2,0.59879,0.0015527,0.39966
4,3,0.6135,0.0011133,0.38539
4,4,0.6278,0.00080301,0.3714
4,5,0.64165,0.00058366,0.35776
4,6,0.65505,0.00042957,0.34452
4,7,0.66799,0.00032106,0.33169
4,8,0.68047,0.00024465,0.31928
4,9,0.6925,0.00019084,0.30731
4,10,0.7041,0.00015291,0.29575
4,11,0.71526,0.00012636,0.28461
4,12,0.72601,0.00010797,0.27388
4,13,0.73635,9.5683e-05,0.26355
4,14,0.74631,8.8297e-05,0.2536
4,15,0.75588,8.4976e-05,0.24403
4,16,0.76509,8.5434e-05,0.23482
4,17,0.77395,8.9888e-05,0.22596
4,18,0.78246,9.9059e-05,0.21744
4,19,0.79063,0.00011462,0.20926
4,20,0.79847,0.00013847,0.2014
4,21,0.80597,0.00017433,0.19385
4,22,0.81314,0.00022975,0.18663
4,23,0.81996,0.00031618,0.17973
4,24,0.82639,0.00045198,0.17316
4,25,0.83237,0.00066648,0.16696
4,26,0.8378,0.0010147,0.16119
4,27,0.84247,0.0015867,0.15595
4,28,0.84606,0.0025277,0.15141
4,29,0.84804,0.0040825,0.14788
4,30,0.84747,0.0066436,0.14589
4,31,0.84303,0.010754,0.14622
4,32,0.83269,0.017193,0.15012
4,33,0.81403,0.026665,0.15931
4,34,0.78477,0.039451,0.17577
4,35,0.74388,0.054719,0.2014
4,36,0.6933,0.070001,0.2367
4,37,0.63819,0.08157,0.28024
4,38,0.58523,0.086942,0.32782
4,39,0.53984,0.085372,0.37479
4,40,0.50536,0.077842,0.41679
4,41,0.48213,0.067083,0.45079
4,42,0.46893,0.05535,0.47572
4,43,0.46397,0.044279,0.49175
4,44,0.4654,0.034581,0.50002
4,45,0.47158,0.026503,0.50191
4,46,0.48125,0.020016,0.49873
4,47,0.49336,0.014927,0.49171
4,48,0.50712,0.011021,0.48186
4,49,0.52188,0.0080596,0.47006
4,50,0.53721,0.0058481,0.45694
4,51,0.55278,0.0042216,0.443
4,52,0.56833,0.0030291,0.42864
4,53,0.58371,0.0021692,0.41413
4,54,0.59879,0.0015527,0.39966
4,55,0.6135,0.0011133,0.38539
4,56,0.6278,0.00080301,0.3714
4,57,0.64165,0.00058366,0.35776
4,58,0.65505,0.00042957,0.34452
4,59,0.66799,0.00032106,0.33169
4,60,0.68047,0.00024465,0.31928
4,61,0.6925,0.00019084,0.30731
4,62,0.7041,0.00015291,0.29575
4,63,0.71526,0.00012636,0.28461
4,64,0.72601,0.00010797,0.27388
4,65,0.73635,9.5683e-05,0.26355
4,66,0.74631,8.8297e-05,0.2536
4,67,0.75588,8.4976e-05,0.24403
4,68,0.76509,8.5434e-05,0.23482
4,69,0.77395,8.9888e-05,0.22596
4,70,0.78246,9.9059e-05,0.21744
4,71,0.79063,0.00011462,0.20926
4,72,0.79847,0.00013847,0.2014
4,73,0.80597,0.00017433,0.19385
4,74,0.81314,0.00022975,0.18663
4,75,0.81996,0.00031618,0.17973
4,76,0.82639,0.00045198,0.17316
4,77,0.83237,0.00066648,0.16696
4,78,0.8378,0.0010147,0.16119
4,79,0.84247,0.0015867,0.15595
4,80,0.84606,0.0025277,0.15141
4,81,0.84804,0.0040825,0.14788
4,82,0.84747,0.0066436,0.14589
4,83,0.84303,0.010754,0.14622
4,84,0.83269,0.017193,0.15012
4,85,0.81403,0.026665,0.15931
4,86,0.78477,0.039451,0.17577
4,87,0.74388,0.054719,0.2014
4,88,0.6933,0.070001,0.2367
4,89,0.63819,0.08157,0.28024
4,90,0.58523,0.086942,0.32782
4,91,0.53984,0.085372,0.37479
4,92,0.50536,0.077842,0.41679
4,93,0.48213,0.067083,0.45079
4,94,0.46893,0.05535,0.47572
4,95,0.46397,0.044279,0.49175
4,96,0.4654,0.034581,0.50002
4,97,0.47158,0.026503,0.50191
4,98,0.48125,0.020016,0.49873
4,99,0.49336,0.014927,0.49171
4,100,0.50712,0.011021,0.48186
4,101,0.52188,0.0080596,0.47006
4,102,0.53721,0.0058481,0.45694
4,103,0.55278,0.0042216,0.443
4,104,0.56833,0.0030301,0.42864
4,105,0.58371,0.0021696,0.41412
5,1,0.56995,0.001528,0.42852
5,2,0.58587,0.0010266,0.41311
5,3,0.60131,0.00068924,0.398
5,4,0.61626,0.00046439,0.38327
5,5,0.63071,0.00031514,0.36898
5,6,0.64464,0.00021641,0.35514
5,7,0.65807,0.00015105,0.34178
5,8,0.67101,0.00010766,0.32889
5,9,0.68346,7.8804e-05,0.31646
5,10,0.69546,5.9444e-05,0.30449
5,11,0.707,4.6467e-05,0.29296
5,12,0.7181,3.7752e-05,0.28186
5,13,0.72879,3.2032e-05,0.27118
5,14,0.73907,2.8481e-05,0.2609
5,15,0.74897,2.6636e-05,0.25101
5,16,0.75848,2.6277e-05,0.24149
5,17,0.76763,2.7397e-05,0.23234
5,18,0.77644,3.021e-05,0.22353
5,19,0.7849,3.5232e-05,0.21507
5,20,0.79303,4.3625e-05,0.20692
5,21,0.80085,5.6248e-05,0.1991
5,22,0.80834,7.6301e-05,0.19158
5,23,0.81552,0.00010979,0.18437
5,24,0.82238,0.00016572,0.17746
5,25,0.82888,0.00026033,0.17086
5,26,0.83498,0.00042218,0.1646
5,27,0.84056,0.00071071,0.15873
5,28,0.84542,0.0012266,0.15335
5,29,0.84919,0.0021531,0.14866
5,30,0.85116,0.0038253,0.14501
5,31,0.85015,0.0067941,0.14306
5,32,0.84413,0.011952,0.14392
5,33,0.83019,0.020446,0.14936
5,34,0.8046,0.033445,0.16195
5,35,0.76438,0.051016,0.1846
5,36,0.70966,0.070875,0.21946
5,37,0.64592,0.088052,0.26603
5,38,0.5822,0.097514,0.32029
5,39,0.52726,0.097081,0.37566
5,40,0.48529,0.089086,0.42563
5,41,0.45745,0.076353,0.4662
5,42,0.44228,0.061893,0.49583
5,43,0.43704,0.048312,0.51465
5,44,0.43914,0.036652,0.5242
5,45,0.44667,0.027217,0.52612
5,46,0.45797,0.019843,0.52219
5,47,0.47181,0.014256,0.51393
5,48,0.48721,0.010097,0.50269
5,49,0.50351,0.0070559,0.48944
5,50,0.52024,0.0048851,0.47488
5,51,0.53702,0.0033405,0.45964
5,52,0.55366,0.0022672,0.44408
5,53,0.56998,0.0015282,0.42849
5,54,0.58589,0.0010267,0.41308
5,55,0.60134,0.00068935,0.39797
5,56,0.61629,0.00046445,0.38325
5,57,0.63073,0.00031519,0.36896
5,58,0.64466,0.00021645,0.35512
5,59,0.65809,0.00015108,0.34176
5,60,0.67103,0.00010768,0.32887
5,61,0.68348,7.882e-05,0.31644
5,62,0.69547,5.9457e-05,0.30447
5,63,0.70701,4.6479e-05,0.29294
5,64,0.71812,3.7764e-05,0.28184
5,65,0.72881,3.2041e-05,0.27116
5,66,0.73909,2.8493e-05,0.26088
5,67,0.74898,2.6648e-05,0.25099
5,68,0.7585,2.6286e-05,0.24148
5,69,0.76765,2.7401e-05,0.23232
5,70,0.77645,3.0207e-05,0.22352
5,71,0.78491,3.5232e-05,0.21505
5,72,0.79304,4.3619e-05,0.20691
5,73,0.80086,5.6234e-05,0.19909
5,74,0.80835,7.6289e-05,0.19157
5,75,0.81553,0.00010979,0.18436
5,76,0.82239,0.00016572,0.17745
5,77,0.82889,0.00026031,0.17085
5,78,0.83499,0.00042215,0.16459
5,79,0.84057,0.00071069,0.15872
5,80,0.84543,0.0012266,0.15334
5,81,0.8492,0.0021531,0.14865
5,82,0.85117,0.0038252,0.145
5,83,0.85015,0.0067942,0.14305
5,84,0.84414,0.011953,0.14391
5,85,0.8302,0.020446,0.14935
5,86,0.80461,0.033447,0.16195
5,87,0.76439,0.051018,0.1846
5,88,0.70967,0.070877,0.21946
5,89,0.64591,0.088057,0.26603
5,90,0.58219,0.097513,0.32029
5,91,0.52726,0.097084,0.37566
5,92,0.48526,0.089101,0.42563
5,93,0.45741,0.076372,0.46621
5,94,0.44224,0.061905,0.49585
5,95,0.437,0.048318,0.51468
5,96,0.4391,0.036655,0.52424
5,97,0.44663,0.027218,0.52615
5,98,0.45793,0.019844,0.52223
5,99,0.47178,0.014257,0.51397
5,100,0.48718,0.010096,0.50273
5,101,0.50348,0.0070555,0.48947
5,102,0.52021,0.0048849,0.47491
5,103,0.537,0.0033401,0.45966
5,104,0.55363,0.0022671,0.4441
5,105,0.56995,0.0015285,0.42852
6,1,0.55816,0.001065,0.44078
6,2,0.5747,0.00067395,0.42462
6,3,0.59071,0.00042497,0.40887
6,4,0.60616,0.00026827,0.39357
6,5,0.62106,0.00017049,0.37877
6,6,0.63541,0.00010944,0.36448
6,7,0.64923,7.1574e-05,0.3507
6,8,0.66254,4.7822e-05,0.33742
6,9,0.67534,3.2877e-05,0.32463
6,10,0.68766,2.3422e-05,0.31232
6,11,0.69951,1.7348e-05,0.30047
6,12,0.71092,1.3456e-05,0.28907
6,13,0.72189,1.094e-05,0.2781
6,14,0.73245,9.375e-06,0.26754
6,15,0.74261,8.5397e-06,0.25738
6,16,0.75238,8.2554e-06,0.24761
6,17,0.76178,8.4827e-06,0.23822
6,18,0.77082,9.3078e-06,0.22917
6,19,0.77951,1.0942e-05,0.22048
6,20,0.78788,1.3724e-05,0.21211
6,21,0.79592,1.8527e-05,0.20407
6,22,0.80364,2.6024e-05,0.19633
6,23,0.81107,3.8568e-05,0.18889
6,24,0.81818,6.1309e-05,0.18175
6,25,0.82499,0.00010256,0.17491
6,26,0.83147,0.00017804,0.16836
6,27,0.83755,0.00032046,0.16213
6,28,0.84313,0.00059782,0.15628
6,29,0.84795,0.0011376,0.15092
6,30,0.85151,0.0021979,0.14629
6,31,0.85286,0.0042602,0.14288
6,32,0.85021,0.0081981,0.1416
6,33,0.84051,0.015389,0.1441
6,34,0.81925,0.027658,0.15309
6,35,0.7815,0.046206,0.1723
6,36,0.72485,0.0697,0.20545
6,37,0.6538,0.092478,0.25372
6,38,0.57981,0.1069,0.31329
6,39,0.51486,0.10903,0.37611
6,40,0.4664,0.099672,0.43393
6,41,0.43527,0.084035,0.48069
6,42,0.41897,0.066832,0.5142
6,43,0.414,0.051059,0.53495
6,44,0.41722,0.037806,0.54497
6,45,0.42619,0.027328,0.54648
6,46,0.43905,0.019347,0.54161
6,47,0.45439,0.013454,0.53216
6,48,0.47117,0.0091819,0.51965
6,49,0.48873,0.0061737,0.5051
6,50,0.50653,0.0040815,0.48939
6,51,0.52426,0.0026612,0.47308
6,52,0.5417,0.0017125,0.45658
6,53,0.55872,0.0010916,0.44019
6,54,0.57524,0.00069039,0.42407
6,55,0.59122,0.0004357,0.40834
6,56,0.60665,0.000275,0.39307
6,57,0.62153,0.00017479,0.37829
6,58,0.63587,0.00011224,0.36402
6,59,0.64967,7.3428e-05,0.35026
6,60,0.66295,4.9032e-05,0.337
6,61,0.67574,3.3767e-05,0.32423
6,62,0.68805,2.4035e-05,0.31193
6,63,0.69988,1.7809e-05,0.3001
6,64,0.71128,1.3791e-05,0.28871
6,65,0.72224,1.121e-05,0.27775
6,66,0.73278,9.5967e-06,0.26721
6,67,0.74292,8.69e-06,0.25707
6,68,0.75268,8.3779e-06,0.24731
6,69,0.76207,8.6472e-06,0.23792
6,70,0.7711,9.5833e-06,0.22889
6,71,0.77978,1.1371e-05,0.22021
6,72,0.78813,1.4308e-05,0.21185
6,73,0.79616,1.9299e-05,0.20382
6,74,0.80388,2.7067e-05,0.19609
6,75,0.81129,4.0221e-05,0.18866
6,76,0.8184,6.4034e-05,0.18153
6,77,0.8252,0.0001071,0.1747
6,78,0.83165,0.00018567,0.16816
6,79,0.83772,0.00033477,0.16195
6,80,0.84326,0.00062452,0.15611
6,81,0.84803,0.0011881,0.15079
6,82,0.85149,0.0022961,0.14622
6,83,0.85265,0.0044498,0.1429
6,84,0.84964,0.0085583,0.1418
6,85,0.83932,0.016044,0.14464
6,86,0.81704,0.028758,0.15421
6,87,0.77786,0.047829,0.17431
6,88,0.71965,0.071702,0.20864
6,89,0.64747,0.094332,0.2582
6,90,0.57326,0.10814,0.31859
6,91,0.5089,0.10932,0.38178
6,92,0.46149,0.099216,0.4393
6,93,0.4314,0.083192,0.48541
6,94,0.41599,0.065915,0.5181
6,95,0.41169,0.05022,0.53809
6,96,0.41541,0.037111,0.54748
6,97,0.42474,0.026782,0.54848
6,98,0.43784,0.018925,0.54323
6,99,0.4534,0.013157,0.53344
6,100,0.47033,0.0089811,0.52069
6,101,0.48797,0.0060284,0.506
6,102,0.50585,0.0039897,0.49016
6,103,0.52363,0.0025979,0.47378
6,104,0.54111,0.0016729,0.45722
6,105,0.55816,0.0010654,0.44078
7,1,0.54704,0.0007615,0.4522
7,2,0.56411,0.0004548,0.43543
7,3,0.58059,0.00026984,0.41914
7,4,0.59648,0.0001601,0.40336
7,5,0.61178,9.5314e-05,0.38813
7,6,0.6265,5.7448e-05,0.37344
7,7,0.64068,3.5169e-05,0.35929
7,8,0.65432,2.2131e-05,0.34566
7,9,0.66744,1.4292e-05,0.33254
7,10,0.68007,9.6269e-06,0.31992
7,11,0.69222,6.7706e-06,0.30777
7,12,0.70391,5.016e-06,0.29609
7,13,0.71515,3.9293e-06,0.28485
7,14,0.72597,3.2435e-06,0.27403
7,15,0.73637,2.8649e-06,0.26362
7,16,0.74638,2.7437e-06,0.25361
7,17,0.75602,2.7982e-06,0.24398
7,18,0.76528,3.0324e-06,0.23472
7,19,0.77419,3.5435e-06,0.2258
7,20,0.78276,4.5221e-06,0.21723
7,21,0.79101,6.252e-06,0.20898
7,22,0.79894,9.4554e-06,0.20105
7,23,0.80656,1.4813e-05,0.19342
7,24,0.81389,2.3571e-05,0.18609
7,25,0.82092,4.1249e-05,0.17904
7,26,0.82764,7.7808e-05,0.17228
7,27,0.83403,0.00015076,0.16582
7,28,0.84003,0.0003024,0.15967
7,29,0.84547,0.00062267,0.15391
7,30,0.85,0.0013049,0.1487
7,31,0.85287,0.0027513,0.14438
7,32,0.85253,0.0057653,0.14171
7,33,0.84605,0.011812,0.14214
7,34,0.82844,0.023165,0.1484
7,35,0.79311,0.042151,0.16474
7,36,0.73503,0.068695,0.19627
7,37,0.65728,0.096801,0.24592
7,38,0.57366,0.11594,0.3104
7,39,0.50017,0.11942,0.38042
7,40,0.44618,0.10886,0.44497
7,41,0.41317,0.090239,0.49659
7,42,0.39677,0.070505,0.53273
7,43,0.39264,0.052779,0.55458
7,44,0.39717,0.038215,0.56462
7,45,0.40768,0.026946,0.56538
7,46,0.42207,0.018568,0.55937
7,47,0.43883,0.012538,0.54863
7,48,0.45687,0.0082728,0.53486
7,49,0.4755,0.005363,0.51914
7,50,0.49422,0.0033993,0.50238
7,51,0.51273,0.0021184,0.48515
7,52,0.53083,0.0012959,0.46788
7,53,0.54841,0.00078273,0.4508
7,54,0.56543,0.00046759,0.4341
7,55,0.58186,0.00027758,0.41786
7,56,0.59769,0.00016476,0.40214
7,57,0.61295,9.81e-05,0.38696
7,58,0.62763,5.9175e-05,0.37231
7,59,0.64176,3.622e-05,0.3582
7,60,0.65536,2.2812e-05,0.34462
7,61,0.66844,1.4738e-05,0.33154
7,62,0.68103,9.9245e-06,0.31896
7,63,0.69315,6.9849e-06,0.30685
7,64,0.7048,5.1753e-06,0.2952
7,65,0.71601,4.0609e-06,0.28399
7,66,0.72679,3.3611e-06,0.27321
7,67,0.73717,2.9614e-06,0.26283
7,68,0.74715,2.843e-06,0.25285
7,69,0.75675,2.9157e-06,0.24325
7,70,0.76599,3.1634e-06,0.23401
7,71,0.77487,3.6824e-06,0.22513
7,72,0.78342,4.6815e-06,0.21658
7,73,0.79164,6.4822e-06,0.20836
7,74,0.79954,9.7043e-06,0.20045
7,75,0.80714,1.5487e-05,0.19284
7,76,0.81444,2.4732e-05,0.18553
7,77,0.82145,4.2992e-05,0.17851
7,78,0.82815,8.1112e-05,0.17177
7,79,0.83452,0.0001575,0.16532
7,80,0.84048,0.00031611,0.1592
7,81,0.84588,0.00065143,0.15347
7,82,0.85033,0.001366,0.14831
7,83,0.85305,0.0028815,0.14407
7,84,0.85242,0.0060387,0.14154
7,85,0.84538,0.012365,0.14226
7,86,0.82675,0.024204,0.14904
7,87,0.78982,0.043871,0.1663
7,88,0.72979,0.07103,0.19918
7,89,0.65042,0.099182,0.25039
7,90,0.56631,0.11758,0.31611
7,91,0.49342,0.11995,0.38664
7,92,0.44061,0.10843,0.45096
7,93,0.40873,0.08938,0.50189
7,94,0.39319,0.0696,0.53721
7,95,0.38978,0.05192,0.5583
7,96,0.39483,0.037504,0.56766
7,97,0.40573,0.026393,0.56787
7,98,0.42041,0.018166,0.56143
7,99,0.43736,0.012247,0.5504
7,100,0.45554,0.0080757,0.53639
7,101,0.47428,0.0052317,0.52049
7,102,0.49307,0.0033138,0.50361
7,103,0.51164,0.002064,0.48629
7,104,0.5298,0.0012623,0.46894
7,105,0.54743,0.0007622,0.45181
8,1,0.53749,0.00056522,0.46194
8,2,0.55499,0.00031937,0.44469
8,3,0.57185,0.00017893,0.42797
8,4,0.58809,9.9837e-05,0.41181
8,5,0.60373,5.5884e-05,0.39622
8,6,0.61877,3.1676e-05,0.3812
8,7,0.63325,1.8203e-05,0.36674
8,8,0.64717,1.0767e-05,0.35282
8,9,0.66057,6.5979e-06,0.33942
8,10,0.67346,4.1799e-06,0.32653
8,11,0.68586,2.7985e-06,0.31413
8,12,0.69779,1.9767e-06,0.3022
8,13,0.70927,1.4879e-06,0.29073
8,14,0.72031,1.2079e-06,0.27969
8,15,0.73093,1.0523e-06,0.26906
8,16,0.74115,9.7823e-07,0.25885
8,17,0.75098,1.0019e-06,0.24902
8,18,0.76044,1.4358e-06,0.23956
8,19,0.76954,1.922e-06,0.23046
8,20,0.77829,2.1731e-06,0.22171
8,21,0.78671,2.3104e-06,0.21329
8,22,0.79481,2.865e-06,0.20519
8,23,0.8026,4.7766e-06,0.1974
8,24,0.81008,9.3945e-06,0.18991
8,25,0.81728,1.848e-05,0.1827
8,26,0.82418,3.6553e-05,0.17578
8,27,0.83078,7.5873e-05,0.16914
8,28,0.83704,0.00016399,0.1628
8,29,0.84285,0.00036448,0.15679
8,30,0.84795,0.00082826,0.15122
8,31,0.85174,0.0018938,0.14636
8,32,0.85286,0.0043135,0.14283
8,33,0.84842,0.0096094,0.14197
8,34,0.83303,0.020459,0.14651
8,35,0.79851,0.04026,0.16123
8,36,0.73722,0.070179,0.1926
8,37,0.65113,0.10365,0.24522
8,38,0.55723,0.12678,0.31599
8,39,0.47607,0.13042,0.39351
8,40,0.41873,0.11703,0.46424
8,41,0.38553,0.094953,0.51951
8,42,0.37038,0.072582,0.55703
8,43,0.36821,0.05301,0.57877
8,44,0.37488,0.037457,0.58767
8,45,0.38741,0.02574,0.58685
8,46,0.40361,0.017281,0.57911
8,47,0.42188,0.011309,0.56681
8,48,0.44123,0.0072363,0.55153
8,49,0.46094,0.0045169,0.53454
8,50,0.48056,0.0027534,0.51669
8,51,0.49982,0.0016386,0.49854
8,52,0.51857,0.00095632,0.48047
8,53,0.53673,0.00054765,0.46272
8,54,0.55425,0.00030935,0.44544
8,55,0.57115,0.00017329,0.42868
8,56,0.58742,9.6693e-05,0.41249
8,57,0.60308,5.4102e-05,0.39687
8,58,0.61814,3.0675e-05,0.38182
8,59,0.63264,1.7616e-05,0.36734
8,60,0.64659,1.0425e-05,0.3534
8,61,0.66001,6.3843e-06,0.33998
8,62,0.67293,4.0436e-06,0.32707
8,63,0.68535,2.7076e-06,0.31465
8,64,0.6973,1.9121e-06,0.3027
8,65,0.70879,1.4397e-06,0.2912
8,66,0.71985,1.1689e-06,0.28015
8,67,0.73049,1.0173e-06,0.26951
8,68,0.74073,9.4421e-07,0.25927
8,69,0.75058,9.7431e-07,0.24942
8,70,0.76005,1.3881e-06,0.23995
8,71,0.76916,1.8298e-06,0.23084
8,72,0.77793,2.0546e-06,0.22207
8,73,0.78636,2.1953e-06,0.21364
8,74,0.79447,2.7622e-06,0.20552
8,75,0.80227,4.6428e-06,0.19772
8,76,0.80977,9.1024e-06,0.19022
8,77,0.81698,1.7797e-05,0.183
8,78,0.8239,3.5172e-05,0.17607
8,79,0.83051,7.2991e-05,0.16942
8,80,0.83678,0.00015765,0.16306
8,81,0.84262,0.00035031,0.15703
8,82,0.84776,0.00079569,0.15144
8,83,0.85164,0.0018187,0.14654
8,84,0.85294,0.0041424,0.14292
8,85,0.84889,0.0092324,0.14187
8,86,0.83428,0.019684,0.14603
8,87,0.80111,0.038857,0.16004
8,88,0.74163,0.068118,0.19025
8,89,0.65712,0.10144,0.24144
8,90,0.56372,0.12525,0.31103
8,91,0.48194,0.12998,0.38808
8,92,0.42346,0.11749,0.45905
8,93,0.38919,0.095807,0.515
8,94,0.37321,0.073481,0.55331
8,95,0.37042,0.053812,0.57576
8,96,0.37664,0.038093,0.58527
8,97,0.38886,0.026213,0.58493
8,98,0.40485,0.017614,0.57754
8,99,0.42298,0.01154,0.56548
8,100,0.44223,0.0073853,0.55039
8,101,0.46186,0.0046139,0.53352
8,102,0.48143,0.0028128,0.51576
8,103,0.50065,0.0016748,0.49768
8,104,0.51936,0.00097772,0.47966
8,105,0.53748,0.00056011,0.46196
9,1,0.62033,0.0064524,0.37322
9,2,0.63073,0.0059724,0.3633
9,3,0.64097,0.0055731,0.35346
9,4,0.65102,0.0052451,0.34373
9,5,0.66084,0.0049821,0.33418
9,6,0.67038,0.0047805,0.32484
9,7,0.67962,0.0046394,0.31574
9,8,0.68853,0.0045609,0.30691
9,9,0.69708,0.0045464,0.29837
9,10,0.70523,0.0045945,0.29017
9,11,0.71295,0.004709,0.28234
9,12,0.72019,0.0048977,0.27491
9,13,0.72691,0.0051717,0.26792
9,14,0.73303,0.0055459,0.26142
9,15,0.7385,0.0060389,0.25546
9,16,0.74322,0.006669,0.25011
9,17,0.74707,0.0074725,0.24545
9,18,0.74991,0.0084961,0.24159
9,19,0.75153,0.0097884,0.23868
9,20,0.75173,0.0114,0.23687
9,21,0.75024,0.013385,0.23637
9,22,0.74681,0.015796,0.2374
9,23,0.74111,0.018691,0.2402
9,24,0.73285,0.022105,0.24504
9,25,0.72176,0.026016,0.25222
9,26,0.70767,0.030336,0.262
9,27,0.69066,0.034878,0.27446
9,28,0.6711,0.039355,0.28954
9,29,0.64958,0.043394,0.30703
9,30,0.62698,0.046631,0.32639
9,31,0.60442,0.048774,0.34681
9,32,0.58289,0.049654,0.36746
9,33,0.56329,0.049219,0.38749
9,34,0.54639,0.047556,0.40606
9,35,0.5326,0.04496,0.42244
9,36,0.52211,0.041707,0.43618
9,37,0.51493,0.038066,0.447
9,38,0.51084,0.034306,0.45485
9,39,0.50945,0.030692,0.45986
9,40,0.51047,0.027309,0.46222
9,41,0.51354,0.024198,0.46227
9,42,0.51826,0.021406,0.46033
9,43,0.52434,0.018947,0.45671
9,44,0.53153,0.016802,0.45167
9,45,0.53965,0.014923,0.44543
9,46,0.54858,0.013249,0.43817
9,47,0.55809,0.011794,0.43012
9,48,0.56803,0.010536,0.42143
9,49,0.57828,0.0094485,0.41227
9,50,0.58872,0.0085107,0.40277
9,51,0.59927,0.0077065,0.39303
9,52,0.60983,0.0070249,0.38315
9,53,0.62033,0.0064524,0.37322
9,54,0.63073,0.0059724,0.3633
9,55,0.64097,0.0055731,0.35346
9,56,0.65102,0.0052451,0.34373
9,57,0.66084,0.0049821,0.33418
9,58,0.67038,0.0047805,0.32484
9,59,0.67962,0.0046394,0.31574
9,60,0.68853,0.0045609,0.30691
9,61,0.69708,0.0045464,0.29837
9,62,0.70523,0.0045945,0.29017
9,63,0.71295,0.004709,0.28234
9,64,0.72019,0.0048977,0.27491
9,65,0.72691,0.0051717,0.26792
9,66,0.73303,0.0055459,0.26142
9,67,0.7385,0.0060389,0.25546
9,68,0.74322,0.006669,0.25011
9,69,0.74707,0.0074725,0.24545
9,70,0.74991,0.0084961,0.24159
9,71,0.75153,0.0097884,0.23868
9,72,0.75173,0.0114,0.23687
9,73,0.75024,0.013385,0.23637
9,74,0.74681,0.015796,0.2374
9,75,0.74111,0.018691,0.2402
9,76,0.73285,0.022105,0.24504
9,77,0.72176,0.026016,0.25222
9,78,0.70767,0.030336,0.262
9,79,0.69066,0.034878,0.27446
9,80,0.6711,0.039355,0.28954
9,81,0.64958,0.043394,0.30703
9,82,0.62698,0.046631,0.32639
9,83,0.60442,0.048774,0.34681
9,84,0.58289,0.049654,0.36746
9,85,0.56329,0.049219,0.38749
9,86,0.54639,0.047556,0.40606
9,87,0.5326,0.04496,0.42244
9,88,0.52211,0.041707,0.43618
9,89,0.51493,0.038066,0.447
9,90,0.51084,0.034306,0.45485
9,91,0.50945,0.030692,0.45986
9,92,0.51047,0.027309,0.46222
9,93,0.51354,0.024198,0.46227
9,94,0.51826,0.021406,0.46033
9,95,0.52434,0.018947,0.45671
9,96,0.53153,0.016802,0.45167
9,97,0.53965,0.014923,0.44543
9,98,0.54858,0.013249,0.43817
9,99,0.55809,0.011794,0.43012
9,100,0.56803,0.010536,0.42143
9,101,0.57828,0.0094485,0.41227
9,102,0.58872,0.0085107,0.40277
9,103,0.59927,0.0077065,0.39303
9,104,0.60983,0.0070249,0.38315
9,105,0.62033,0.0064504,0.37322
10,1,0.58883,0.0029789,0.40819
10,2,0.60292,0.0025135,0.39456
10,3,0.61669,0.002139,0.38117
10,4,0.63011,0.0018385,0.36805
10,5,0.64315,0.0015989,0.35525
10,6,0.65581,0.0014096,0.34278
10,7,0.66806,0.0012617,0.33068
10,8,0.67991,0.0011485,0.31894
10,9,0.69135,0.001065,0.30759
10,10,0.70237,0.0010084,0.29662
10,11,0.71299,0.00097702,0.28603
10,12,0.7232,0.00096958,0.27583
10,13,0.73299,0.00098693,0.26603
10,14,0.74235,0.0010319,0.25661
10,15,0.75129,0.0011096,0.2476
10,16,0.75977,0.0012298,0.239
10,17,0.76777,0.0014021,0.23082
10,18,0.77527,0.0016406,0.22309
10,19,0.78218,0.0019742,0.21585
10,20,0.78839,0.0024473,0.20916
10,21,0.79376,0.0031194,0.20312
10,22,0.79807,0.0040685,0.19786
10,23,0.801,0.0054206,0.19358
10,24,0.80207,0.0073655,0.19056
10,25,0.80056,0.010155,0.18928
10,26,0.79553,0.014105,0.19037
10,27,0.78583,0.019567,0.1946
10,28,0.77023,0.026831,0.20294
10,29,0.74684,0.036278,0.21688
10,30,0.71501,0.047529,0.23746
10,31,0.67559,0.059299,0.26511
10,32,0.63089,0.069558,0.29955
10,33,0.58476,0.076566,0.33867
10,34,0.54125,0.079273,0.37947
10,35,0.50363,0.077376,0.41899
10,36,0.47413,0.071539,0.45433
10,37,0.45301,0.063499,0.48349
10,38,0.4397,0.054606,0.50569
10,39,0.43307,0.045967,0.52096
10,40,0.43191,0.038177,0.52991
10,41,0.43504,0.031402,0.53356
10,42,0.44143,0.025698,0.53287
10,43,0.45035,0.020991,0.52866
10,44,0.46127,0.017106,0.52163
10,45,0.47361,0.013938,0.51245
10,46,0.48699,0.011366,0.50164
10,47,0.50109,0.0092828,0.48962
10,48,0.51561,0.0076042,0.47679
10,49,0.53033,0.0062502,0.46342
10,50,0.54512,0.0051556,0.44973
10,51,0.55987,0.0042709,0.43586
10,52,0.57447,0.003556,0.42198
10,53,0.58883,0.0029789,0.40819
10,54,0.60292,0.0025135,0.39456
10,55,0.61669,0.002139,0.38117
10,56,0.63011,0.0018385,0.36805
10,57,0.64315,0.0015989,0.35525
10,58,0.65581,0.0014096,0.34278
10,59,0.66806,0.0012617,0.33068
10,60,0.67991,0.0011485,0.31894
10,61,0.69135,0.001065,0.30759
10,62,0.70237,0.0010084,0.29662
10,63,0.71299,0.00097702,0.28603
10,64,0.7232,0.00096958,0.27583
10,65,0.73299,0.00098693,0.26603
10,66,0.74235,0.0010319,0.25661
10,67,0.75129,0.0011096,0.2476
10,68,0.75977,0.0012298,0.239
10,69,0.76777,0.0014021,0.23082
10,70,0.77527,0.0016406,0.22309
10,71,0.78218,0.0019742,0.21585
10,72,0.78839,0.0024473,0.20916
10,73,0.79376,0.0031194,0.20312
10,74,0.79807,0.0040685,0.19786
10,75,0.801,0.0054206,0.19358
10,76,0.80207,0.0073655,0.19056
10,77,0.80056,0.010155,0.18928
10,78,0.79553,0.014105,0.19037
10,79,0.78583,0.019567,0.1946
10,80,0.77023,0.026831,0.20294
10,81,0.74684,0.036278,0.21688
10,82,0.71501,0.047529,0.23746
10,83,0.67559,0.059299,0.26511
10,84,0.63089,0.069558,0.29955
10,85,0.58476,0.076566,0.33867
10,86,0.54125,0.079273,0.37947
10,87,0.50363,0.077376,0.41899
10,88,0.47413,0.071539,0.45433
10,89,0.45301,0.063499,0.48349
10,90,0.4397,0.054606,0.50569
10,91,0.43307,0.045967,0.52096
10,92,0.43191,0.038177,0.52991
10,93,0.43504,0.031402,0.53356
10,94,0.44143,0.025698,0.53287
10,95,0.45035,0.020991,0.52866
10,96,0.46127,0.017106,0.52163
10,97,0.47361,0.013938,0.51245
10,98,0.48699,0.011366,0.50164
10,99,0.50109,0.0092828,0.48962
10,100,0.51561,0.0076042,0.47679
10,101,0.53033,0.0062502,0.46342
10,102,0.54512,0.0051556,0.44973
10,103,0.55987,0.0042709,0.43586
10,104,0.57447,0.003556,0.42198
10,105,0.58884,0.0029791,0.40818
11,1,0.56403,0.0017784,0.43419
11,2,0.57984,0.0013834,0.41878
11,3,0.5952,0.0010836,0.40371
11,4,0.6101,0.00085599,0.38904
11,5,0.62452,0.00068393,0.37479
11,6,0.63847,0.00055422,0.36098
11,7,0.65193,0.00045666,0.34761
11,8,0.66492,0.00038379,0.3347
11,9,0.67744,0.0003299,0.32223
11,10,0.68951,0.00029084,0.3102
11,11,0.70112,0.00026384,0.29861
11,12,0.71231,0.0002469,0.28744
11,13,0.72307,0.00023884,0.27669
11,14,0.73341,0.00023939,0.26635
11,15,0.74335,0.00024908,0.2564
11,16,0.75289,0.00026999,0.24684
11,17,0.76203,0.00030511,0.23766
11,18,0.77079,0.00035648,0.22886
11,19,0.77914,0.00043241,0.22043
11,20,0.78706,0.00054786,0.21239
11,21,0.79451,0.00072454,0.20476
11,22,0.80144,0.0009933,0.19757
11,23,0.80771,0.0014073,0.19088
11,24,0.81314,0.0020556,0.1848
11,25,0.81738,0.0030946,0.17953
11,26,0.81987,0.0047608,0.17537
11,27,0.81973,0.0074533,0.17282
11,28,0.81546,0.011783,0.17275
11,29,0.80498,0.018561,0.17646
11,30,0.78553,0.028705,0.18577
11,31,0.75381,0.043008,0.20318
11,32,0.70842,0.060653,0.23093
11,33,0.65064,0.07902,0.27034
11,34,0.58727,0.09324,0.31949
11,35,0.52609,0.099809,0.3741
11,36,0.47404,0.097736,0.42822
11,37,0.43479,0.088903,0.4763
11,38,0.40904,0.076024,0.51494
11,39,0.39503,0.062189,0.54278
11,40,0.38941,0.050056,0.56054
11,41,0.39049,0.039631,0.56988
11,42,0.39654,0.031044,0.57242
11,43,0.40627,0.024168,0.56956
11,44,0.41867,0.018724,0.5626
11,45,0.43297,0.014466,0.55257
11,46,0.44855,0.011161,0.54029
11,47,0.46489,0.0086058,0.5265
11,48,0.48166,0.0066297,0.51171
11,49,0.49862,0.0051085,0.49627
11,50,0.51556,0.003937,0.4805
11,51,0.53233,0.0030348,0.46463
11,52,0.54884,0.0023446,0.44882
11,53,0.56499,0.0018172,0.43319
11,54,0.58075,0.0014142,0.41784
11,55,0.59606,0.0011083,0.40283
11,56,0.61092,0.00087634,0.38821
11,57,0.6253,0.00070057,0.374
11,58,0.6392,0.00056798,0.36023
11,59,0.65263,0.00046827,0.3469
11,60,0.66559,0.00039374,0.33402
11,61,0.67808,0.00033871,0.32158
11,62,0.69012,0.00029886,0.30959
11,63,0.70171,0.00027116,0.29802
11,64,0.71286,0.0002538,0.28688
11,65,0.7236,0.0002457,0.27616
11,66,0.73392,0.00024637,0.26584
11,67,0.74383,0.00025636,0.25591
11,68,0.75335,0.0002774,0.24637
11,69,0.76247,0.00031247,0.23722
11,70,0.77119,0.00036677,0.22844
11,71,0.77951,0.00044677,0.22004
11,72,0.7874,0.00056635,0.21203
11,73,0.79483,0.00074786,0.20442
11,74,0.80171,0.0010252,0.19726
11,75,0.80794,0.0014521,0.19061
11,76,0.8133,0.0021229,0.18458
11,77,0.81743,0.0031959,0.17937
11,78,0.81978,0.0049177,0.1753
11,79,0.81941,0.007698,0.17289
11,80,0.8148,0.012158,0.17304
11,81,0.80386,0.019102,0.17704
11,82,0.78361,0.029554,0.18683
11,83,0.75107,0.044093,0.20483
11,84,0.70473,0.061931,0.23334
11,85,0.64662,0.080061,0.27332
11,86,0.58309,0.093888,0.32302
11,87,0.52204,0.10003,0.37794
11,88,0.47053,0.097529,0.43194
11,89,0.4322,0.088216,0.47958
11,90,0.40766,0.074936,0.5174
11,91,0.39409,0.061466,0.54444
11,92,0.38886,0.049466,0.56168
11,93,0.3902,0.039143,0.57066
11,94,0.39646,0.030669,0.57288
11,95,0.40638,0.02386,0.56976
11,96,0.41894,0.018486,0.56258
11,97,0.43335,0.014288,0.55237
11,98,0.44894,0.011032,0.54002
11,99,0.4653,0.0085069,0.5262
11,100,0.4821,0.0065587,0.51134
11,101,0.49908,0.0050568,0.49587
11,102,0.51601,0.0038965,0.48009
11,103,0.53278,0.0030057,0.46421
11,104,0.54929,0.0023235,0.44839
11,105,0.56543,0.001801,0.43277
12,1,0.54543,0.0011602,0.45341
12,2,0.56229,0.00083943,0.43687
12,3,0.57862,0.00060989,0.42077
12,4,0.59441,0.00044636,0.40515
12,5,0.60965,0.00032987,0.39002
12,6,0.62435,0.0002473,0.3754
12,7,0.63852,0.00018864,0.36129
12,8,0.65217,0.00014705,0.34769
12,9,0.66531,0.00011761,0.33457
12,10,0.67797,9.6878e-05,0.32194
12,11,0.69015,8.2571e-05,0.30977
12,12,0.70187,7.3083e-05,0.29806
12,13,0.71315,6.732e-05,0.28678
12,14,0.724,6.4684e-05,0.27594
12,15,0.73443,6.5084e-05,0.2655
12,16,0.74447,6.9025e-05,0.25546
12,17,0.75411,7.6616e-05,0.24581
12,18,0.76338,8.9028e-05,0.23653
12,19,0.77228,0.00010906,0.22761
12,20,0.7808,0.00014115,0.21905
12,21,0.78896,0.00019214,0.21085
12,22,0.79673,0.00027357,0.203
12,23,0.80408,0.00040475,0.19551
12,24,0.81093,0.00062849,0.18844
12,25,0.81715,0.001015,0.18184
12,26,0.82248,0.0016887,0.17584
12,27,0.82642,0.0028893,0.17069
12,28,0.82809,0.0050434,0.16687
12,29,0.82592,0.0088944,0.16519
12,30,0.81718,0.015669,0.16715
12,31,0.79789,0.026962,0.17515
12,32,0.76287,0.044433,0.19269
12,33,0.70858,0.067746,0.22367
12,34,0.63692,0.092626,0.27046
12,35,0.55841,0.11097,0.33061
12,36,0.48569,0.11711,0.3972
12,37,0.42819,0.1108,0.46101
12,38,0.38954,0.095773,0.51469
12,39,0.36812,0.07734,0.55454
12,40,0.35828,0.060971,0.58075
12,41,0.35745,0.046985,0.59557
12,42,0.36314,0.035669,0.60119
12,43,0.37351,0.026804,0.59969
12,44,0.38712,0.02,0.59288
12,45,0.40296,0.014852,0.58219
12,46,0.42014,0.010982,0.56888
12,47,0.43814,0.0080853,0.55377
12,48,0.45657,0.0059342,0.53749
12,49,0.47509,0.0043334,0.52057
12,50,0.4935,0.0031522,0.50335
12,51,0.51164,0.0022871,0.48608
12,52,0.52939,0.0016541,0.46896
12,53,0.54669,0.0011967,0.45211
12,54,0.56349,0.00086666,0.43564
12,55,0.57976,0.00063011,0.41961
12,56,0.5955,0.00046153,0.40404
12,57,0.61069,0.00034131,0.38897
12,58,0.62535,0.00025605,0.3744
12,59,0.63947,0.00019545,0.36033
12,60,0.65308,0.00015245,0.34676
12,61,0.66619,0.00012201,0.33369
12,62,0.67881,0.00010057,0.32109
12,63,0.69096,8.5754e-05,0.30896
12,64,0.70265,7.5949e-05,0.29728
12,65,0.7139,7.0035e-05,0.28603
12,66,0.72471,6.7381e-05,0.27522
12,67,0.73512,6.7836e-05,0.26481
12,68,0.74513,7.1947e-05,0.2548
12,69,0.75474,8.0142e-05,0.24518
12,70,0.76398,9.3201e-05,0.23592
12,71,0.77285,0.00011398,0.22703
12,72,0.78135,0.00014743,0.2185
12,73,0.78948,0.00020062,0.21032
12,74,0.79722,0.00028556,0.20249
12,75,0.80453,0.00042515,0.19504
12,76,0.81134,0.00066,0.188
12,77,0.81749,0.0010642,0.18144
12,78,0.82272,0.0017733,0.1755
12,79,0.82652,0.0030359,0.17045
12,80,0.82793,0.0053009,0.16677
12,81,0.82531,0.0093484,0.16534
12,82,0.81588,0.016417,0.1677
12,83,0.79539,0.028237,0.17637
12,84,0.75889,0.046229,0.19488
12,85,0.70295,0.069887,0.22717
12,86,0.63016,0.09461,0.27523
12,87,0.55112,0.11226,0.33662
12,88,0.47891,0.11767,0.40342
12,89,0.4227,0.11036,0.46694
12,90,0.3849,0.09513,0.51997
12,91,0.36314,0.077393,0.55947
12,92,0.35383,0.060753,0.58542
12,93,0.35359,0.04658,0.59983
12,94,0.35976,0.03522,0.60502
12,95,0.37056,0.026375,0.60307
12,96,0.38453,0.019621,0.59585
12,97,0.40065,0.014535,0.58481
12,98,0.41807,0.010725,0.5712
12,99,0.43627,0.0078822,0.55585
12,100,0.45485,0.005776,0.53937
12,101,0.4735,0.0042118,0.52228
12,102,0.49202,0.0030603,0.50492
12,103,0.51025,0.0022179,0.48753
12,104,0.52808,0.0016029,0.47032
12,105,0.54545,0.0011584,0.45339
13,1,0.53054,0.00079993,0.46866
13,2,0.54815,0.00054198,0.45131
13,3,0.56515,0.00036723,0.43448
13,4,0.58156,0.00025024,0.41819
13,5,0.59738,0.00017186,0.40245
13,6,0.61262,0.00011974,0.38726
13,7,0.6273,8.4934e-05,0.37262
13,8,0.64142,6.1635e-05,0.35852
13,9,0.65502,4.6048e-05,0.34494
13,10,0.6681,3.5559e-05,0.33186
13,11,0.68069,2.8562e-05,0.31928
13,12,0.6928,2.3942e-05,0.30717
13,13,0.70446,2.0983e-05,0.29552
13,14,0.71567,1.9364e-05,0.28431
13,15,0.72646,1.8944e-05,0.27352
13,16,0.73683,1.9558e-05,0.26315
13,17,0.74681,2.1346e-05,0.25317
13,18,0.75641,2.4797e-05,0.24357
13,19,0.76563,3.0746e-05,0.23434
13,20,0.7745,4.0624e-05,0.22546
13,21,0.78301,5.6852e-05,0.21693
13,22,0.79118,8.2996e-05,0.20874
13,23,0.79899,0.0001292,0.20088
13,24,0.80642,0.00021281,0.19337
13,25,0.81342,0.00036561,0.18622
13,26,0.81986,0.00065458,0.17948
13,27,0.8255,0.0012135,0.17329
13,28,0.82981,0.0023119,0.16788
13,29,0.83176,0.0044881,0.16376
13,30,0.8293,0.0087691,0.16193
13,31,0.8187,0.016956,0.16434
13,32,0.79392,0.031702,0.17438
13,33,0.74765,0.055234,0.19712
13,34,0.67592,0.086093,0.23799
13,35,0.58591,0.11533,0.29876
