[{"keys":"(1.1,0.7)","values":"[1 0.38239452137189 0.00614354162536954 0.611461937002742;2 0.404303849181859 0.00401674560089304 0.59167940521725;3 0.425979546463432 0.00258765641252489 0.571432797124045;4 0.447207452145401 0.00163641197709075 0.55115613587751;5 0.467864874852206 0.00101939500116431 0.531115730146631;6 0.487878444037552 0.000624753703271503 0.511496802259178;7 0.507215399767429 0.000378255217171063 0.492406345015402;8 0.525866050992417 0.00022691001865071 0.473907038988934;9 0.543835640651099 0.000135207892975224 0.456029151455928;10 0.561138486725784 8.07732543158402e-05 0.438780740019902;11 0.577792872212894 4.83396706406854e-05 0.422158788116467;12 0.59382001324828 2.94495661786802e-05 0.406150537185543;13 0.609241281617952 1.81531995664089e-05 0.390740565182484;14 0.624078796531184 1.15524511842287e-05 0.375909651017634;15 0.638353867611598 7.60012764906017e-06 0.361638532260755;16 0.652087397842761 5.19012087865448e-06 0.347907412036362;17 0.665299837461355 3.71867255185543e-06 0.334696443866095;18 0.678010769215918 2.80290792388798e-06 0.32198642787616;19 0.690239263987895 2.22186769872108e-06 0.309758514144408;20 0.702003645628526 1.83883848622744e-06 0.29799451553299;21 0.713321236217127 1.61367867944226e-06 0.286677150104196;22 0.724208761123879 1.54000516594372e-06 0.275789698870957;23 0.734682349202857 1.64515944071612e-06 0.265316005637704;24 0.744757532792024 1.99020760614984e-06 0.255240477000372;25 0.754449247713237 2.66994037204133e-06 0.245548082346393;26 0.763771833272243 3.81287305559317e-06 0.236224353854703;27 0.772738442568174 5.90025553465351e-06 0.227255657176293;28 0.781361268007685 9.51184659147028e-06 0.218629220145726;29 0.789652104222683 1.50720225166347e-05 0.210332823754802;30 0.797615094153672 2.70118681343674e-05 0.202357893978195;31 0.805246207781642 5.40627337854963e-05 0.194699729484574;32 0.812528964403239 0.000111646783395591 0.187359388813367;33 0.819400228740499 0.000241166992545743 0.180358604266957;34 0.825695523963477 0.000541376097816788 0.173763099938708;35 0.831002248685886 0.00125192282491747 0.167745828489199;36 0.834317703149746 0.00294586153179086 0.162736435318465;37 0.833282321069803 0.00694960306902864 0.15976807586117;38 0.8226961243444 0.0160874287219984 0.161216446933604;39 0.79268754652319 0.0352873895137931 0.172025063963019;40 0.729825192570014 0.0695249752264191 0.200649832203568;41 0.629170545881474 0.11466767706712 0.256161777051408;42 0.510655223888511 0.150548425604415 0.338796350507076;43 0.40771067804884 0.158328805601711 0.433960516349451;44 0.337367683818527 0.141378664899009 0.521253651282465;45 0.298550905264962 0.1127319931228 0.58871710161224;46 0.282035881749658 0.0842563663341883 0.633707751916155;47 0.280169790267582 0.0607286232666543 0.659101586465766;48 0.28789782308861 0.0428195459188081 0.669282630992584;49 0.301718769187845 0.0297854582430919 0.668495772569065;50 0.319325259318139 0.0204955888495485 0.660179151832314;51 0.339263805221529 0.0139646142201673 0.646771580558305;52 0.360471972903892 0.00939605560782006 0.63013197148829;53 0.382271288278774 0.00624529154445375 0.611483420176774;54 0.404160341467435 0.0040830686255375 0.591756589907029;55 0.425826096873317 0.00263005937595765 0.571543843750727;56 0.447050622267393 0.00166307958822473 0.551286298144384;57 0.467708646975945 0.00103600857659227 0.531255344447465;58 0.487724939100671 0.000634789145634168 0.511640271753696;59 0.507065960373782 0.000384379253372369 0.492549660372847;60 0.525721217344686 0.000230526063418483 0.474048256591897;61 0.543695708693583 0.000137373431300083 0.456166917875119;62 0.561003511249425 8.20647962839468e-05 0.438914423954293;63 0.577662798105192 4.91090018340107e-05 0.422288092892975;64 0.593694739566962 2.99123386016821e-05 0.406275348094438;65 0.609120682072619 1.84477149416486e-05 0.390860870212441;66 0.623962695273979 1.17250056993482e-05 0.376025579720324;67 0.638242151050029 7.72083951073962e-06 0.361750128110462;68 0.651979889705135 5.27296926048031e-06 0.348014837325606;69 0.665196372919053 3.77896814931503e-06 0.334799848112799;70 0.677911214098159 2.84635551403756e-06 0.322085939546329;71 0.690143327097864 2.38403133321126e-06 0.309854288870805;72 0.701911206420781 2.2982408582228e-06 0.298086495338362;73 0.71323251229861 2.27912285680656e-06 0.286765208578535;74 0.724124148710148 2.14410442790986e-06 0.275873707185425;75 0.734602268956009 1.8452037669137e-06 0.265395885840226;76 0.744682275658617 1.46903016563277e-06 0.255316255311219;77 0.75437882076221 1.23678401231542e-06 0.245619942453779;78 0.763705805532839 1.50425679164367e-06 0.23629269021037;79 0.77267638055837 2.76183108473321e-06 0.227320857610547;80 0.781302945748478 5.63448056913342e-06 0.218691419770954;81 0.789597150334655 1.08817700188273e-05 0.210391967895328;82 0.797568363644768 2.01696801515574e-05 0.202411466675082;83 0.80521811732769 3.89370194981438e-05 0.194742945652813;84 0.812533908866089 8.03917496178337e-05 0.187385699384294;85 0.819474728670678 0.000173681391338966 0.180351589937985;86 0.82592507323938 0.000389883120107101 0.173685043640514;87 0.831590085207724 0.000902127852171843 0.167507786940105;88 0.835744750841906 0.00212698717367343 0.162128261984422;89 0.836669090690484 0.00503747438382313 0.158293434925694;90 0.830464827557933 0.011776541769028 0.157758630673041;91 0.809293573908118 0.0264045470921723 0.164301878999711;92 0.760827371874223 0.0542412088212896 0.184931419304489;93 0.675270088770566 0.0958089989830971 0.228920912246338;94 0.5621266223456 0.136959251653628 0.300914126000773;95 0.452058021553522 0.155944388801001 0.391997589645478;96 0.369147758898954 0.148160911588835 0.482691329512212;97 0.319170059813205 0.123010511651879 0.557819428534917;98 0.294855152744444 0.0941004340673593 0.611044413188198;99 0.287850498260766 0.0687198698265344 0.643429631912701;100 0.292206152996586 0.0488106609930115 0.658983186010404;101 0.303815288245089 0.0340780762202584 0.662106635534653;102 0.32001349519057 0.0234863879486333 0.656500116860798;103 0.339050230020798 0.0160021800963735 0.644947589882829;104 0.359709103420796 0.010766066375067 0.629524830204138;105 0.381177677098032 0.00714623608500344 0.611676086816966;106 0.402887925505369 0.00466978656212354 0.592442287932508;107 0.424466254715684 0.00300442930814003 0.572529315976177;108 0.44566201150238 0.00189933498376066 0.55243865351386;109 0.466324686762764 0.0011815766972203 0.532493736540017;110 0.486366275370565 0.00072420681035781 0.512909517819078;111 0.505742864045106 0.000438159677319657 0.493818976277576]"},{"keys":"(1.1,0.8)","values":"[1 0.368897634774794 0.00580539243329367 0.625296972791913;2 0.391569375653078 0.00368651630434065 0.604744108042582;3 0.41391886115317 0.00228940468112474 0.583791734165706;4 0.435750629214889 0.00139359477332629 0.562855776011785;5 0.456945611689642 0.000829899506057478 0.542224488804301;6 0.477444688039937 0.000484578669022106 0.522070733291041;7 0.497224871297923 0.000278398742631761 0.502496729959446;8 0.516285324340365 0.000157635444317602 0.483557040215318;9 0.534638370823588 8.85148637082729e-05 0.465273114312704;10 0.552302951879736 4.96746448612338e-05 0.447647373475403;11 0.569300994868174 2.785761012088e-05 0.430671147521705;12 0.585655908996994 1.59155644747507e-05 0.414328175438532;13 0.601390886402354 9.1984190177571e-06 0.398599915178629;14 0.616529024436149 5.4695458766183e-06 0.383465506017975;15 0.631092702505644 3.41329788872808e-06 0.368903884196468;16 0.645103434075333 2.1960202091723e-06 0.354894369904458;17 0.658582225977599 1.49136154524233e-06 0.341416282660856;18 0.671549229915964 1.06824175296875e-06 0.328449701842284;19 0.684023860720187 8.18028239066181e-07 0.315975321251575;20 0.696025044674967 6.63759085894692e-07 0.303974291565948;21 0.7075705268331 5.60096613678954e-07 0.292428913070287;22 0.71867740371166 4.89249370009118e-07 0.281322107038971;23 0.729362189997742 4.57946199857979e-07 0.270637352056059;24 0.739640818548467 4.97436245580974e-07 0.260358684015288;25 0.749528640390978 6.63488946916187e-07 0.250470696120076;26 0.75904042472244 1.03639404098434e-06 0.24095853888352;27 0.768190358910043 1.72096156228882e-06 0.231807920128396;28 0.776991442603631 3.1876770935197e-06 0.223005369719276;29 0.785455485520684 6.13151972448684e-06 0.214538382959592;30 0.793596327526216 9.7029244231626e-06 0.206393969549361;31 0.80141815307259 1.84254217608085e-05 0.19856342150565;32 0.808914142141609 4.29794950249936e-05 0.191042878363367;33 0.816063890392052 0.000101719912823875 0.183834389695124;34 0.822788058146434 0.000247376531407932 0.176964565322159;35 0.828855581846137 0.000622140891143114 0.17052227726272;36 0.833641596382573 0.00160018783720754 0.16475821578022;37 0.835517439439414 0.0041416296301672 0.160340930930419;38 0.830426234172466 0.0105845447859084 0.158989221041626;39 0.809331815871403 0.0258746143901109 0.164793569738487;40 0.756634238361302 0.0573186946020936 0.186047067036605;41 0.658890190002762 0.10649012852084 0.234619681476399;42 0.530018278915473 0.153776853694089 0.316204867390439;43 0.410962132818789 0.171075930304413 0.417961936876799;44 0.329258968467039 0.155160036458065 0.515580995074896;45 0.285306409879548 0.123024537076662 0.591669053043791;46 0.266438607954328 0.0911998198907991 0.642361572154873;47 0.263870540584539 0.0649140557733507 0.671215403642111;48 0.271779796410927 0.0451008048461985 0.683119398742875;49 0.286219478188236 0.0308605618651761 0.682919959946589;50 0.304612403888269 0.0208501668638816 0.67453742924785;51 0.325393461076344 0.0139168061819719 0.660689732741684;52 0.347455422809126 0.00916902727984029 0.643375549911035;53 0.370021831606905 0.00593067772405363 0.624047490669042;54 0.392618483980895 0.0037673782233376 0.603614137795769;55 0.414910086034725 0.00234208360622049 0.582747830359055;56 0.436693095622435 0.00142552602298081 0.561881378354585;57 0.45784662254204 0.000849808915902525 0.541303568542058;58 0.4783081532826 0.00049613522132636 0.521195711496075;59 0.498053817807629 0.000285062414470498 0.501661119777901;60 0.517081923653642 0.000161567588501737 0.482756508757857;61 0.535404190736255 9.06501261128553e-05 0.464505159137633;62 0.553039434153074 5.09291747469571e-05 0.44690963667218;63 0.57000933950708 2.85392958364736e-05 0.429962121197084;64 0.586337268019001 1.63366083963318e-05 0.413646395372604;65 0.602046279993438 9.40211979712164e-06 0.397944317886765;66 0.617159533675127 5.64195432818889e-06 0.382834824370545;67 0.631699185297752 3.49167165387065e-06 0.368297323030595;68 0.645686860982152 2.24342481117064e-06 0.354310895593037;69 0.65914351361481 1.52483353226885e-06 0.340854961551658;70 0.672089187658145 1.0966642145575e-06 0.327909715677641;71 0.684543339244334 8.31409364760849e-07 0.315455829346302;72 0.696524517316727 6.78648304242138e-07 0.303474804034969;73 0.708050538504121 6.12152069108332e-07 0.29194884934381;74 0.719138631711562 6.14923363341479e-07 0.280860753365075;75 0.729805438120341 6.79196558798703e-07 0.270193882683101;76 0.740067011187998 8.06437695212204e-07 0.259932182374308;77 0.749938693031796 1.04643315113272e-06 0.250060260535054;78 0.759435090757031 1.44479152481119e-06 0.240563464451445;79 0.768570138758081 2.12995744285123e-06 0.231427731284477;80 0.777356727982178 3.52852086218588e-06 0.222639743496961;81 0.785806305082712 6.60536084702973e-06 0.214187089556442;82 0.793926684588281 1.41873562402184e-05 0.20605912805548;83 0.801732113940517 2.47580152292697e-05 0.198243128044255;84 0.809211865210424 5.11533044626798e-05 0.190736981485114;85 0.816322639397616 0.000125114168971754 0.183552246433413;86 0.822973200930066 0.000306352810550421 0.176720446259385;87 0.828874419430591 0.000771163064979972 0.17035441750443;88 0.833252261755637 0.0019814709477073 0.164766267296656;89 0.834093677276108 0.00512065091809511 0.160785671805798;90 0.826454251020158 0.0130226150083096 0.160523133971534;91 0.79966447001246 0.0314309008288602 0.168904629158681;92 0.736764755862212 0.0677831139434773 0.195452130194312;93 0.627788674465113 0.120015888102569 0.252195437432319;94 0.495330963953082 0.163123496023848 0.341545540023071;95 0.381941892082161 0.172280739507836 0.445777368410004;96 0.309234812943581 0.150114540465122 0.540650646591298;97 0.271656274560851 0.116578848503991 0.611764876935159;98 0.257712734394975 0.0850513761167592 0.657235889488267;99 0.258263630748376 0.0599903961693989 0.681745973082226;100 0.268209931365778 0.0414521405872643 0.690337928046959;101 0.28398561382262 0.0282689735140732 0.687745412663308;102 0.303262845839845 0.0190717383490559 0.6776654158111;103 0.324587597699004 0.0127157204770984 0.662696681823899;104 0.346988610442361 0.00837123028423635 0.644640159273404;105 0.369767728236741 0.00541315179944016 0.62481911996382;106 0.392490717209714 0.00343820703427306 0.604071075756014;107 0.414855244753118 0.00213730794293096 0.583007447303952;108 0.436678793100066 0.00130087982903193 0.562020327070904;109 0.457853984123169 0.000775492578676339 0.541370523298156;110 0.478326613131064 0.000452752189665351 0.521220634679272;111 0.49807761621802 0.000260203729190214 0.501662180052791]"},{"keys":"(1.2,0.7)","values":"[1 0.373311756377556 0.00311249536929977 0.623575748253146;2 0.396277029839267 0.00207398225532205 0.601648987905413;3 0.418681854769219 0.00136030882690118 0.579957836403882;4 0.440437655888163 0.000875997445545462 0.558686346666294;5 0.461496155230307 0.000554881661488562 0.537948963108207;6 0.481833875198071 0.00034573661104333 0.517820388190888;7 0.501446701537924 0.000212490247529017 0.498340808214549;8 0.520342666850185 0.000129421294326952 0.47952791185549;9 0.538536995861807 7.8231610997879e-05 0.461384772527197;10 0.556049759137169 4.74483933095054e-05 0.443902792469523;11 0.572902625300905 2.88572454533268e-05 0.427068517453644;12 0.589118612327346 1.78118855739084e-05 0.410863575787083;13 0.604720603899464 1.12685817686728e-05 0.395268127518769;14 0.619731038196372 7.27381391049157e-06 0.380261687989719;15 0.634172178082324 4.89478268597336e-06 0.365822927134992;16 0.648065285892216 3.4450865053526e-06 0.351931269021281;17 0.661430985379832 2.55457754141853e-06 0.338566460042629;18 0.674289192226646 2.01952923295473e-06 0.325708788244123;19 0.686659065699934 1.69513693469998e-06 0.313339239163134;20 0.698559111907936 1.50868719366448e-06 0.301439379404872;21 0.710007140068079 1.48509466621083e-06 0.289991374837257;22 0.721020055296809 1.77838424309155e-06 0.27897816631895;23 0.731614666393371 2.09888927450517e-06 0.268383234717357;24 0.741806851643558 2.35324771316692e-06 0.258190795108731;25 0.751611353348971 2.78388665957529e-06 0.248385862764372;26 0.761041777827013 3.96902236201201e-06 0.238954253150627;27 0.770110595410896 6.82266021654208e-06 0.22988258192889;28 0.778829140449633 1.25945947670137e-05 0.221158264955602;29 0.78720423529532 2.48334171648715e-05 0.212770931287518;30 0.795239199303642 4.84209998373579e-05 0.204712379696523;31 0.802906483722112 0.000106035636995476 0.196987480640894;32 0.810127957184268 0.000250039122857233 0.189622003692877;33 0.816687946688764 0.000614190536052133 0.182697862775186;34 0.821969424623099 0.00157203783375724 0.176458537543146;35 0.824282402450752 0.00413824998978507 0.171579347559465;36 0.819119649367919 0.0109855532842416 0.169894797347841;37 0.795482930321888 0.0283936625186671 0.176123407159447;38 0.732450333863532 0.0668419775089644 0.200707688627506;39 0.611701514983543 0.128771577190639 0.259526907825821;40 0.458096041252795 0.183160117708378 0.358743841038829;41 0.330499140703656 0.192515993078719 0.476984866217627;42 0.25431453327306 0.163319490072772 0.582365976654171;43 0.218361616017688 0.123213712445306 0.658424671537008;44 0.206622730602462 0.0879556462885521 0.705421623108989;45 0.209390151171666 0.0612762744925817 0.729333574335754;46 0.220868075052961 0.0423598819522849 0.736772042994757;47 0.237601531439899 0.0292960917227201 0.733102376837383;48 0.257628367569876 0.0203113280692376 0.722060304360889;49 0.279587446518899 0.0141011842736155 0.706311369207487;50 0.302638718918532 0.00978088252791826 0.687580398553552;51 0.326177459767249 0.00675045684393439 0.667072083388818;52 0.349788638492459 0.00461982413293974 0.645591537374603;53 0.373180967400229 0.00312519471567612 0.623693837884097;54 0.396148125496185 0.00208229474215126 0.601769579761666;55 0.418555882454829 0.00136560162949413 0.580078515915679;56 0.440315320002909 0.00087936724932543 0.558805312747768;57 0.461377759047052 0.000556961736010678 0.53806527921694;58 0.481719577840736 0.000347026078060327 0.517933396081205;59 0.501336503811366 0.000213265099660169 0.498450231088976;60 0.520236520454078 0.000129893524122731 0.479633586021802;61 0.538434796767386 7.85090091500473e-05 0.461486694223466;62 0.555951396755848 4.76203966061606e-05 0.444000982847548;63 0.572807964408408 2.89553637789927e-05 0.427163080227815;64 0.58902753256766 1.78766936463223e-05 0.410954590738696;65 0.604632965818759 1.13058462504721e-05 0.395355728334993;66 0.619646720845943 7.29754102697171e-06 0.380345981613032;67 0.634091060722861 4.91188044548352e-06 0.365904027396696;68 0.647987242083283 3.45672141010223e-06 0.352009301195309;69 0.661355899482356 2.56399380260348e-06 0.338641536523843;70 0.674216950433134 2.02677799407756e-06 0.325781022788874;71 0.686589563544433 1.6993854476169e-06 0.313408737070122;72 0.698492250982055 1.51087248285276e-06 0.301506238145464;73 0.709942813387101 1.4965231727124e-06 0.290055690089729;74 0.720958208103017 1.77031017335096e-06 0.279040021586812;75 0.731555211358605 2.06106859153391e-06 0.268442727572806;76 0.741749645897479 2.31292362602101e-06 0.258248041178897;77 0.751556244327736 2.77912931068488e-06 0.248440976542955;78 0.760988649121959 4.02206851451105e-06 0.239007328809529;79 0.770059412617214 6.91325294159794e-06 0.229933674129847;80 0.7787799875515 1.2638995915521e-05 0.221207373452586;81 0.787157020084148 2.48350403400725e-05 0.212818144875514;82 0.795193816877782 4.83760685259025e-05 0.204757807053694;83 0.802861794959478 0.000106581650155868 0.197031623390368;84 0.810084644462884 0.0002507296371889 0.189664625899929;85 0.816644459166013 0.000615886672542848 0.182739654161446;86 0.821923010980882 0.00157629980577376 0.176500689213347;87 0.824226532386544 0.00414885256807144 0.171624615045387;88 0.819038023711245 0.0110118933253801 0.169950082963377;89 0.795336021878153 0.0284584491336934 0.176205528988156;90 0.73219330100406 0.0669571157766846 0.200849583219257;91 0.611294625525645 0.128933805390998 0.25977156908336;92 0.457791209157148 0.183192575340957 0.359016215501897;93 0.330347206332208 0.192393739483548 0.477259054184246;94 0.254472995271535 0.163031505266833 0.582495499461634;95 0.218816800765028 0.122964191415797 0.658219007819176;96 0.207011703344547 0.0879154185306507 0.705072878124805;97 0.209295360980485 0.0614696759016466 0.72923496311787;98 0.220710726829073 0.0424897147785727 0.736799558392357;99 0.237439064269459 0.0293778357719476 0.733183099958595;100 0.257413362762328 0.020349752208655 0.722236885029019;101 0.279427809480112 0.0141274997614363 0.706444690758453;102 0.302474775162597 0.00979254430969453 0.687732680527711;103 0.326020385736907 0.00676021598915509 0.66721939827394;104 0.349635205768224 0.00462482471713911 0.645739969514639;105 0.373032103555173 0.00312808469729199 0.623839811747537;106 0.396004947427994 0.00208445460440603 0.601910597967602;107 0.418417408132845 0.00136639221781972 0.580216199649337;108 0.440182215982026 0.000880127744549686 0.558937656273427;109 0.461249559268609 0.000557312695786393 0.538193128035606;110 0.481596176311895 0.000347195569539417 0.518056628118568;111 0.501217862942241 0.000213516452512923 0.498568620605248]"},{"keys":"(1.2,0.8)","values":"[1 0.360900177129488 0.0028578541945524 0.63624196867596;2 0.384490770363314 0.00184501513547279 0.613664214501213;3 0.407462119399754 0.00116512018449057 0.591372760415756;4 0.429733980967209 0.000719781680384995 0.569546237352406;5 0.451263082863028 0.000434848666915166 0.548302068470057;6 0.472033722430963 0.000257048455570061 0.527709229113467;7 0.492048519709725 0.000149410072944079 0.507802070217331;8 0.511320753597573 8.54171202392998e-05 0.488593829282188;9 0.52987043011345 4.85450455729978e-05 0.470081024840977;10 0.547720397806514 2.7408226935757e-05 0.45225219396655;11 0.564895025477227 1.56455747730286e-05 0.435089328948001;12 0.581418649073894 8.93237720177455e-06 0.418572418548904;13 0.597315561962545 5.32221245113838e-06 0.402679115825004;14 0.612609033251608 3.19976527419816e-06 0.387387766983118;15 0.627321937688416 2.00293484231068e-06 0.372676059376742;16 0.641476256975324 1.33443923613862e-06 0.35852240858544;17 0.655093060882499 9.32007884592217e-07 0.344906007109616;18 0.66819276804026 7.00873455631645e-07 0.331806531086284;19 0.680794916010881 5.701964503604e-07 0.319204513792669;20 0.692918371300859 4.95428977981836e-07 0.307081133270163;21 0.70458134150662 4.60264445575023e-07 0.295418198228934;22 0.715801111578752 6.51549671034323e-07 0.284198236871577;23 0.726594008325157 1.41727695511796e-06 0.273404574397888;24 0.736977329636005 1.96182777722796e-06 0.263020708536218;25 0.746967157296719 1.88239553736361e-06 0.253030960307744;26 0.756578124844593 1.32818644444874e-06 0.243420546968962;27 0.765823417568787 1.00041951633174e-06 0.234175582011697;28 0.774714772510326 2.15232657978554e-06 0.225283075163095;29 0.783262478462106 6.5891522705076e-06 0.216730932385624;30 0.791475375968887 1.66681540331199e-05 0.20850795587708;31 0.79935423431685 3.91843053812889e-05 0.200606581377769;32 0.806869692339341 9.87951841716845e-05 0.193031512476487;33 0.813922505890653 0.000262872866462103 0.185814621242886;34 0.820190747728517 0.000736256633325859 0.179072995638157;35 0.824692871221267 0.00213266547287896 0.173174463305854;36 0.824480254526315 0.00627937449026432 0.169240370983421;37 0.811160077894185 0.0182715727801109 0.170568349325705;38 0.764556751828153 0.049552063735088 0.185891184436759;39 0.655379512357102 0.111964531221933 0.232655956420965;40 0.489943717004602 0.183383013594397 0.326673269401001;41 0.338021405555794 0.209399908764857 0.452578685679349;42 0.245809722204783 0.182336634213342 0.571853643581875;43 0.202952916259812 0.137176131084275 0.659870952655913;44 0.189101467322402 0.0965008119809946 0.714397720696604;45 0.191436643811179 0.0660884378335566 0.742474918355264;46 0.203266115347851 0.0448765387458073 0.751857345906342;47 0.220639149076022 0.0304868282192124 0.748874022704766;48 0.241453172391489 0.0207530277779073 0.737793799830603;49 0.264315838303119 0.0141540301557015 0.721530131541179;50 0.288181173697734 0.00962660756411841 0.702192218738148;51 0.312512957636597 0.00650827275848148 0.680978769604921;52 0.336860288757309 0.00434503255649145 0.658794678686199;53 0.360934267278397 0.00285974827413505 0.636205984447468;54 0.384521751243654 0.00184409957896652 0.613634149177379;55 0.407492748905808 0.00116586965462157 0.591341381439571;56 0.429763016215584 0.000719636568678587 0.569517347215738;57 0.451291055600117 0.000434847194445536 0.548274097205438;58 0.472060698655078 0.000257230710646078 0.527682070634276;59 0.492074349667185 0.000149241748195367 0.507776408584619;60 0.511345714478237 8.56077593592108e-05 0.488568677762403;61 0.529894348712433 4.84308373109858e-05 0.470057220450256;62 0.547743487010278 2.753281316806e-05 0.452228980176554;63 0.564917149416966 1.55441688031738e-05 0.435067306414231;64 0.581440037388394 9.03638915838371e-06 0.418550926222448;65 0.597336029035018 5.27065904526615e-06 0.402658700305937;66 0.612628765128561 3.1812713014584e-06 0.387368053600137;67 0.627340982870336 2.03239342858849e-06 0.372656984736235;68 0.641494516352748 1.34352762408576e-06 0.358504140119628;69 0.655110583949376 9.44322293782476e-07 0.34488847172833;70 0.668209570138666 6.96466791833619e-07 0.331789733394542;71 0.680811085500894 5.43359092842457e-07 0.319188371140014;72 0.692934088880404 4.90149894978839e-07 0.307065420969701;73 0.704596758831982 4.88130227372422e-07 0.29540275303779;74 0.715816437340527 4.92302459481746e-07 0.284183070357014;75 0.726609833285942 5.02903286118617e-07 0.273389663810772;76 0.736993022806068 5.65425836375284e-07 0.263006411768096;77 0.746981449296682 7.70619673624444e-07 0.253017780083644;78 0.756589923411499 1.25449079551923e-06 0.243408822097706;79 0.765832623062167 2.19830163399324e-06 0.234165178636199;80 0.774720008929715 5.67473926168874e-06 0.225274316331023;81 0.783268724709129 9.4789919525053e-06 0.216721796298918;82 0.791488963128869 1.4964326214201e-05 0.208496072544917;83 0.799370676190297 3.5506553038655e-05 0.200593817256664;84 0.806883550780743 9.65189138935808e-05 0.193019930305364;85 0.813941406562809 0.000257391771201393 0.185801201665989;86 0.820225633767262 0.000720902023598287 0.17905346420914;87 0.824777734785114 0.00208661430392791 0.173135650910958;88 0.824705708055061 0.00614706646936151 0.169147225475577;89 0.811777251497893 0.0179031249519893 0.170319623550118;90 0.766113796790874 0.0486503221056376 0.185235881103489;91 0.658323367807906 0.110495935766156 0.231180696425938;92 0.493532245469941 0.18225608260383 0.324211671926229;93 0.34082610514684 0.209318395425166 0.449855499427994;94 0.247238528213908 0.183217101621 0.569544370165091;95 0.203529922976677 0.13811810673521 0.658351970288114;96 0.189310981123014 0.0972034159585853 0.713485602918401;97 0.191443928980638 0.0665661961236259 0.741989874895736;98 0.203137051812147 0.0451951235900426 0.75166782459781;99 0.22046381412389 0.0307000751234948 0.748836110752615;100 0.241205951965281 0.0208955294245084 0.737898518610211;101 0.26403260999607 0.0142496757949811 0.721717714208949;102 0.287885178344687 0.00968803594082983 0.702426785714483;103 0.312213854163977 0.00654805160138367 0.681238094234639;104 0.336563400282131 0.00437030598278972 0.659066293735079;105 0.360643142131874 0.00287576315438197 0.636481094713744;106 0.384238355883133 0.00185399842543503 0.613907645691432;107 0.407218259811906 0.00117202048392117 0.591609719704173;108 0.429497819108697 0.000723228008356579 0.569778952882947;109 0.451035386784674 0.000437053195054848 0.548527560020271;110 0.471814390398418 0.000258438822696686 0.527927170778885;111 0.491837300315331 0.000150129983725837 0.508012569700943]"}]